-1.0
-1.0
0.06832814916792107
0.6570257115967476
1.0
-1.0
1.0
1.0
-0.07375512654093444
1.0
-1.0
-1.0
0.30842795068277784
-0.3282213468973177
-0.493675807919402
-0.10468137921650442
-1.0
-0.7682377723415952
0.28462112006091655
-1.0
-1.0
1.0
-1.0
-0.8870497851424047
1.0
-0.9678226662858471
1.0
0.9530718159593592
1.0
0.21749332717903946
-1.0
-1.0
-1.0
0.8447722701507083
-0.9156887927446751
-1.0
0.024279958177319816
1.0
-0.0010881194523863075
-0.18622349175952363
-0.7260716063295904
-1.0
-0.701815489870751
-1.0
-1.0
1.0
-0.3999788086858644
1.0
0.25913129772117816
0.21025499251450208
-1.0
-0.07441940541349878
-1.0
0.5290873357159938
-1.0
0.44965592137461186
0.9817126953103943
-0.27965405437404134
-1.0
1.0
0.9419425582432474
0.4761394558151114
-0.22170596261037945
0.4184234935403834
-0.46806222101183015
0.3221661763758925
0.020687362422311506
-0.5373816985319794
0.8955271135809316
1.0
1.0
0.6840135544523585
1.0
1.0
-0.44345413418470137
-1.0
-0.5061168272143701
-0.6202340665261559
-0.49099453117652037
1.0
-1.0
0.3008544747899061
-1.0
1.0
0.0583912384645337
-1.0
-1.0
-0.99025017109559
-1.0
1.0
0.6893451946109311
0.5640192717736793
0.7773721041301146
1.0
0.05689451607633736
1.0
0.8404185202488361
-1.0
0.15446790248416398
-1.0
0.17533108754502358
-1.0
0.003146896498549906
0.13026833032091867
-0.35683541759990844
0.7179836270680297
1.0
-1.0
1.0
1.0
1.0
1.0
1.0
0.9194967545142378
1.0
-1.0
-1.0
1.0
1.0
-0.47125348973576275
-1.0
-0.10449435416343889
-0.6916294224858113
1.0
-0.9558788216689833
1.0
0.3630044825990971
-0.0011360065594180411
-1.0
-0.716252115601897
-0.47282731811779993
1.0
-1.0
1.0
-0.17389110160617882
-0.015264883938685747
1.0
-1.0
-0.14412514304411306
0.33421256556322204
-1.0
-1.0
-1.0
0.28633091268247357
0.23215162852445403
0.7019751075285947
0.8635274010917061
0.1605613629554581
-0.26396286008513214
-1.0
-1.0
0.15940849296824977
1.0
0.12052718862682077
1.0
-1.0
-0.012861227338006653
-0.6276169994922575
-0.9305410394843059
-1.0
0.08566876103658091
-0.8526269031448399
0.7305246945209305
0.7058987862262542
0.0690687827151849
1.0
-0.722407769160591
1.0
-0.027437601195518413
1.0
1.0
0.23188795625349068
-1.0
0.34775932661782805
0.10783392954907933
-1.0
1.0
1.0
-1.0
0.4975720829034584
0.8343736301666137
-0.3800124686303029
-0.502180089696622
-1.0
-0.712291277048102
-0.09975130535559351
-0.3567265604172642
1.0
-0.462890064561689
-0.365862428401412
0.12625700761158087
0.5621394954476118
-1.0
-1.0
-0.24610692681998053
-0.4315797534051243
0.13489634564318997
0.4151884055236496
0.08653900240799989
-0.18471138529929598
-0.6676101529632226
-1.0
-1.0
-0.34163876831896567
1.0
-1.0
0.19713024259549017
0.6731103592217538
1.0
0.08786083809514955
-1.0
0.7721322313663639
-0.932303430955882
0.4866943867514756
-0.09206514152306733
-1.0
-0.07888210968466725
0.5353502336562315
0.5278766323775633
-0.43225945498182927
-0.32717556882335597
1.0
-0.8744981886603646
-1.0
-0.22073339107257894
1.0
-1.0
-0.6872148131274805
1.0
0.7703600955371205
0.8826985282348029
-0.25223887158357733
-0.1823585117540205
-0.2487143269465799
-0.25628407488481386
0.18315866171603634
-0.301302307190482
0.9080707481208907
0.23428739832118617
-0.6370865809085193
0.2582743919727548
1.0
0.06039703847965433
0.09781598626942861
1.0
-0.44340557046667806
0.752753737495405
1.0
0.43611226384357493
1.0
-0.45729924670726363
0.6575276157436011
1.0
0.6903848269680934
-0.9821763436098302
-0.30881640315844955
0.6437544292361663
0.2602374909260412
-1.0
-0.17214493333191205
1.0
1.0
0.7941914572682002
1.0
1.0
