1.0
1.0
-0.6797330603453283
-0.8594118353378145
0.8880609448713848
1.0
0.30408099545758743
-1.0
-0.7309124649546583
1.0
1.0
-0.7302806058675704
-0.4109695921962938
-0.5871234221686303
-1.0
-1.0
-0.775523853368831
0.022181443098767684
0.989188091649847
0.2479725661758455
1.0
-0.7451838614670221
1.0
1.0
1.0
0.21037853364747122
-0.9085082231768115
1.0
0.7502714301431895
-0.04069593801807509
0.6269820704441438
0.5041797598751265
0.9417091390526853
1.0
1.0
1.0
-0.7816535139438625
-1.0
1.0
0.955046293772027
0.18711456726523001
-1.0
-0.14841642571423103
-0.40390039620461227
-0.9949153068199954
0.5379774585281786
-0.07817634264995044
0.510348576847897
1.0
-0.1028292662082102
0.42155603396648844
0.4672940330827488
0.021224626546265446
-0.5745530070412384
0.7285112582408627
1.0
-0.9076991894076873
1.0
-0.9390676091917081
1.0
-0.5333530571379591
-0.3580949623460038
1.0
-0.9375785231107285
-0.5797548107681367
-1.0
1.0
0.15244802395255885
0.47859136680931036
-0.9530787347007796
-0.09604813287991787
0.8966834850033599
-1.0
-1.0
1.0
-1.0
1.0
-1.0
-0.008720434632579765
-0.9148519918673514
0.003908170496920493
0.09839896433413309
0.851485443607619
0.7976508423955648
0.704102482575069
-1.0
1.0
1.0
0.23657858526278336
1.0
1.0
0.05433202061703435
-1.0
-0.3564872884172321
1.0
-1.0
0.5616145885106558
0.2767654710863804
0.40931598760859045
-0.48890667703332286
-0.34768351502524775
1.0
-1.0
-0.4184777628651899
-1.0
1.0
0.28123316690625844
-1.0
0.26129708653216055
0.9626826411887626
0.08270804481223681
-1.0
-0.7349287027758812
0.028428477314247247
-1.0
-1.0
0.6816375670096978
0.07167273716537381
0.09832850686446121
0.5324079655196089
-1.0
-1.0
0.6128800050240091
0.8799080939855585
-1.0
0.5075301192431949
-0.3980418407946559
1.0
-1.0
-0.33537255853929215
-1.0
1.0
-0.009715495575704836
-0.07889328066894838
1.0
-0.8515087343952309
0.06783287532149648
-0.2558818756327816
-0.3998582602168841
1.0
0.40834201417457683
-0.6915887947766937
-0.0022665848389398224
1.0
1.0
0.4985455283565977
-1.0
-1.0
-1.0
-1.0
-0.8028398307672358
1.0
0.9268216686236572
0.6552798280030867
-1.0
0.6439037706143105
0.7378798916853928
1.0
-1.0
1.0
-0.3553419520487046
-1.0
1.0
-0.775010307282156
0.23390982425973794
-1.0
-0.617355226954712
0.007165711300816779
0.5053257841492426
0.08909009908241305
1.0
0.2967029707455575
1.0
0.9137878649900709
1.0
0.18397821870001832
-0.8361792949301814
0.7271067950741734
1.0
0.025696265422885195
-1.0
0.2029122042372531
0.6198989686130784
-0.02782946229203842
-1.0
-0.8381500203936598
-1.0
0.29039238233327436
1.0
-0.06871143506754174
-1.0
-1.0
0.2166165847970163
-0.7485685487550293
1.0
-0.760445790016044
0.5755176949051963
-1.0
-0.15340611066629517
-0.29057574088981186
1.0
1.0
1.0
0.21119371358976036
1.0
1.0
0.778598424013293
-0.1306375220082361
1.0
0.6768494084034486
-1.0
1.0
0.8701227050424728
1.0
0.8287322555790179
0.4162471395307769
-1.0
-0.7005906622280447
1.0
0.3922415771676255
0.05052077565385815
-0.6861525180621508
-1.0
1.0
1.0
-1.0
1.0
0.41552757157934594
0.5467452701119755
-0.690732602143102
-1.0
1.0
1.0
-0.17926277821055783
1.0
-1.0
0.2154557124995482
0.9767917621067732
1.0
0.6784258507395581
0.14573889323651512
-0.32858927320198816
1.0
1.0
0.11122532339757124
1.0
-1.0
-0.2665535607753706
-0.10237965033942309
-1.0
0.3436406242844695
1.0
1.0
-0.3485686395602269
1.0
1.0
0.0752203658086652
-1.0
-1.0
-0.770833614304095
1.0
0.542861736093126
1.0
0.1948910417132632
0.6969351944267539
