-0.027904706888803643
1.0
-0.30384735627301096
-1.0
1.0
-0.9683462743076883
-0.6367688994617949
0.5816812517019447
-1.0
1.0
-1.0
1.0
-0.2231307192202573
1.0
0.16281607613237836
0.47034801023667283
0.7926183432701164
-0.5641257631923384
-0.6083742529493597
0.12080894284658339
-1.0
0.06401410286896436
-0.45660764376233554
-1.0
1.0
1.0
0.29993747816798055
1.0
-0.733537993386119
-0.9041248025449757
-0.27261306817211195
-0.6922072906306835
-1.0
-0.8160356236619932
-0.17747681968363516
-1.0
-1.0
1.0
-1.0
-1.0
-0.05257933532474984
-0.4175605026228464
-1.0
0.7540902876898588
0.09431581533425581
0.7794740024586666
0.3864125406611647
-1.0
-1.0
-0.6276410741906673
0.22053136208043927
1.0
1.0
1.0
-1.0
-0.0506164774207466
0.9660932465955552
-0.14437613122006843
1.0
0.42709178859900376
0.4977057842337387
-0.05138085366353384
-0.8615358875516259
1.0
-0.2507584030811628
-1.0
-0.7292597299245431
1.0
1.0
0.25386159327172664
1.0
1.0
1.0
0.25017991692399255
0.3014031503482876
-0.11969275546703881
-0.9442741701836971
0.26121301590855195
0.7339952596507606
-1.0
0.7553984748038479
0.4441018466286175
-0.3388984266276557
1.0
-0.3672757008652012
-0.7695996646432622
1.0
1.0
-1.0
0.9707036502100148
0.33721321162311296
0.23226361658345882
1.0
-0.2747151877675945
-1.0
-0.5390684350837568
-1.0
0.4295219571939807
0.6632625449179392
-1.0
-1.0
-1.0
-1.0
-1.0
1.0
1.0
-1.0
-1.0
1.0
0.1401408205387155
1.0
-1.0
1.0
0.9009215644918628
0.04256239426630326
0.7297098714490428
-0.024183214597809588
-1.0
-1.0
-1.0
-0.877724500033295
0.36043192695587073
-0.8627719488298172
-1.0
1.0
0.5992037762111033
-1.0
0.21126291295377775
0.19223813645044724
-1.0
1.0
-0.8665556829400229
0.1069175754627143
-0.5976771066971933
-1.0
-0.2821118823963098
-1.0
-1.0
-1.0
0.2913408996043393
0.8972504614400112
-0.011089656737555798
-0.5477978679647331
1.0
-1.0
1.0
0.40612383681165487
-0.8878634437838393
0.10800895751304401
1.0
-0.5313143627591945
1.0
-0.01066624055568377
-1.0
1.0
0.3078556936606305
0.6693369173471728
1.0
-1.0
1.0
-0.4721903152439194
0.26709579169339975
0.5358000060584488
0.11767735816753144
-1.0
0.3069828644221908
1.0
-0.0847293564975311
0.5259988464469316
-1.0
-0.45843109561600026
-0.34497916644120563
0.8146837993833875
0.006183516452316851
0.5800724289876567
0.38667050771133726
0.09361115286652566
1.0
-1.0
-0.3466929950835267
-0.4675973582661361
-1.0
0.004040575031021287
0.6727176800932105
-0.20754442687900898
-0.8092709201375289
0.9774491378457065
-1.0
0.29426875385349627
-1.0
1.0
-0.9255232926332396
1.0
1.0
0.6047912039599501
0.6040513733024026
0.35485049387384715
0.6026182253647479
0.7878901830965237
-1.0
-1.0
-0.5874264735973411
0.08542765555848586
-1.0
-1.0
1.0
1.0
0.016151034905782347
-0.26160908349756196
-0.33125408784307186
-0.8394435419535614
1.0
0.257920753631239
-1.0
1.0
0.5850033357953475
1.0
1.0
1.0
0.39458125680878253
0.6430968204797132
-1.0
-0.3306132269388413
-0.20838784561989387
1.0
-0.08771007554715102
0.23474201116518012
-1.0
0.9007245804080233
0.19577409850804506
1.0
-0.623623709118811
0.9753442722624843
0.7969408042263578
1.0
1.0
1.0
1.0
0.8766331081529528
-1.0
-0.43363028901329503
0.36280189353456327
-0.13352441803741444
-0.6032753000166912
1.0
-0.9411623212512037
0.7024454540614512
-0.18468595590494452
-0.3542166553155329
0.9127791076721528
-1.0
0.5643688631211525
1.0
0.5326984146917402
0.05619579164558519
-0.0542447006612661
0.9983801049894678
0.24033366470894035
-0.9168730300929837
1.0
0.621313751933671
0.06983027256188601
-1.0
-0.16867480114514743
-1.0
