0.314259374802199
1.0
1.0
0.435235706876669
-0.3525455283185208
-1.0
0.1741577712914667
-0.5517903601325778
-1.0
0.5436134664269665
1.0
0.6917499966246563
1.0
1.0
-0.24992288463282278
-0.4556788491776774
0.9423123982187105
-1.0
1.0
1.0
0.8414552303084004
-0.7590376302586902
-0.641483627896281
-0.8257993396968818
1.0
-1.0
-1.0
0.38985051664606796
-1.0
-0.45961361120325395
1.0
0.3052570736074999
0.2483716781937657
0.654199628836488
0.31559734696858166
0.01393369309341319
-0.5115255560996739
0.3916312456097748
0.8698275893519372
0.37094205044302464
-0.29440288737508435
-0.5866583256157512
1.0
0.5651891252128064
1.0
-0.21366472999577052
-0.05068147720574823
-0.6037075939036841
-0.887364815876671
-0.3407461732426734
0.13180586082186463
1.0
0.03778530360798782
0.5599389464196092
-1.0
-1.0
-1.0
-1.0
1.0
1.0
0.6944139349084908
-1.0
1.0
-0.6080169129772033
0.059419150418270616
-0.11760504603700249
-1.0
-0.3080306799449857
-0.007905145991223494
0.6061057353004622
1.0
0.7228637181090467
0.20987267499672857
1.0
-1.0
-1.0
0.6315286376415241
0.07273588864439275
-1.0
-1.0
-0.24269952384195814
-1.0
-0.597119422413414
-1.0
1.0
-1.0
1.0
1.0
0.7303876576653199
-0.805872223425147
-1.0
0.42080215186272973
-0.6808193081720417
-0.23910185954089602
-1.0
0.18257535825844973
1.0
-1.0
-0.35376083352902693
1.0
0.8487998177960259
0.3390708638700288
-0.04721082292857637
0.350885284292951
-1.0
1.0
-0.9921781238232417
0.7869174446062536
-0.6383754543991969
0.5078570308191486
-0.7204038031871188
-1.0
0.4362758520267368
0.12027150695426614
0.47840618154740255
-1.0
-1.0
0.7619129682900974
0.6021521043018632
1.0
-1.0
1.0
1.0
1.0
1.0
1.0
0.0853996682720905
0.872796165232
-0.6856373877840638
0.9552733162886874
-0.06259471878201292
1.0
0.3051101004045207
-1.0
0.1342445804350404
0.04892740526281625
-1.0
0.9774668920506997
0.8342044048630157
-1.0
0.5737515523744176
1.0
-1.0
-0.2983853065743769
0.011537106707413147
1.0
-0.40101129903800437
1.0
-1.0
1.0
-0.2862872544664502
1.0
0.2401067499501069
-0.6721682996106493
-1.0
0.42796226997491915
0.502557263185377
-1.0
1.0
0.41770294192456525
1.0
1.0
0.9902963052329455
-0.7038027096924422
-0.9718109027560242
-0.89933175741941
-0.1955373657544568
1.0
-0.511451725362335
-0.45247084432832013
1.0
0.49647200021892773
1.0
-0.3984822450233729
0.4988703217219258
-1.0
1.0
-1.0
-0.00200499778887564
0.05761006350194459
-0.86356835405263
1.0
-0.09315407418983013
1.0
1.0
-0.6714718009440832
1.0
0.9009481298633959
-0.40638440055535363
-1.0
0.38398536974353614
0.7442925577564454
1.0
-1.0
1.0
0.9719079467886856
-1.0
-0.4289013731343374
-0.3067402830321688
-0.524876028679518
1.0
1.0
-1.0
0.004789611852160203
0.13140052683293924
-0.9750661741772879
0.051362970558788246
0.21215836618053813
-0.884950820362523
-1.0
-1.0
0.8499045890511712
1.0
0.44169867814686437
1.0
-0.4176032968645662
1.0
-0.6101855682952491
0.9148832077235536
0.9229316465383713
-1.0
-0.9205017007177687
0.9625590880309123
1.0
-0.11863905390370355
1.0
-1.0
1.0
1.0
-1.0
0.2356489783288429
-1.0
-0.9638780581226595
1.0
-1.0
-1.0
1.0
0.507068609457853
-1.0
0.6811562618836826
0.46222469266228383
0.9396834620529882
-1.0
0.4366268758738307
1.0
1.0
-0.3539817404874107
0.7375838804194156
-0.5325146834707162
0.8803460950294928
-0.335781557599948
-0.010923567499801168
-1.0
0.8623121727755277
1.0
1.0
1.0
1.0
1.0
1.0
0.44381270737632394
1.0
-0.47411432440359724
-0.6651938367963275
0.41500175463905176
