0.2789889767530159
-0.502200986639352
-0.727784478172881
1.0
0.8174245428084861
-0.5418791568157189
-0.9711628485065199
-1.0
0.43625754867711963
0.5853383284117002
-1.0
0.39361469411318106
-0.37095242327049704
1.0
-1.0
-0.6662277525450488
0.33750224144535956
-0.9746813999832862
1.0
0.19881690549737507
0.9145925274662301
-1.0
-0.45461125643501055
0.8321526341806416
1.0
-0.7015849388596089
1.0
-0.8210173565220061
-0.10133341729695713
1.0
0.041769953925352765
1.0
1.0
-1.0
-0.7083775177182526
-0.7072456229711819
1.0
-0.6177207102452802
1.0
-0.1337414327280351
1.0
-1.0
1.0
-0.932361719903598
-1.0
-0.8031839021365645
-1.0
-1.0
0.9237237873922725
-1.0
-0.3127572361601269
1.0
-0.687361869897693
0.854126759013857
-1.0
0.13026663292987292
-1.0
0.06741951954380754
-0.5166504485967807
0.17027428138190193
-1.0
1.0
0.5243382521821509
1.0
0.44737793170252904
-0.8045649339854247
-0.31951836914845627
-0.47185799259499706
-1.0
1.0
1.0
0.5368459382409094
-1.0
1.0
-0.6864310740506325
0.6233526126101974
-1.0
-0.6807101252673224
-0.3129415320269134
1.0
0.49404325839122926
-1.0
-0.7516433857237466
0.8007452213737943
-0.08397994916704554
0.19828378491379398
0.582153344421894
-0.6481804178704609
-0.13004931903616201
1.0
-1.0
-0.49393402865076663
0.12862882656865515
1.0
0.7972303686288025
-1.0
1.0
-0.9395772059614723
1.0
-0.9433409655904987
-1.0
-0.1808162023395654
-1.0
-0.07665015920620544
-0.2278657940010249
-0.09340205720359637
-0.9093017479761809
1.0
-0.37364102216155226
1.0
0.8438047639429745
-0.48002229511822525
-1.0
-1.0
0.4155645283476258
0.5970313462971548
1.0
1.0
-0.04526693466820886
1.0
0.35900015457571555
0.496579544869432
-1.0
1.0
-0.4216773586706335
-0.3815346145108631
0.3482504665628875
0.8456897747076795
-0.7530086227247326
1.0
0.04920765735257149
-1.0
0.1940014189902397
-1.0
-1.0
-0.8999153661952907
-1.0
-1.0
0.5857023732200106
1.0
-1.0
1.0
0.30046448162391737
1.0
1.0
0.6182002907257086
0.00742238234613446
-1.0
1.0
1.0
-0.8594607615685403
-0.451254617504387
-0.8669664673474985
1.0
1.0
0.25323387055987245
-0.6568928842428541
1.0
0.6548092251619978
0.23060099882450946
-0.3303987962085444
0.219456803829652
-0.14134771399181822
1.0
-1.0
-1.0
-1.0
1.0
-0.3535093713567274
-0.7894084552720423
-0.17805267494865795
-1.0
-1.0
0.4154213124373507
-1.0
-0.1511801000925408
0.4781800903242718
1.0
0.28185130183340845
-1.0
0.7691216914093586
0.8637009360597792
-0.8614971793366308
1.0
1.0
1.0
-0.9545460667375869
0.41805484526107073
0.46665229158152144
1.0
1.0
0.3153044691076434
-0.7058948300097779
-0.3150147644719943
0.46078519389485373
1.0
1.0
-0.03362676531811509
0.21712770538002027
-1.0
-1.0
-1.0
0.8732094699055672
0.32716796443343665
-0.07260773020225264
-1.0
1.0
1.0
1.0
-0.4414342515693378
0.20810480670175174
1.0
-0.8735944644798109
-0.010363112894197557
0.4147675098855944
-0.7028297672809025
1.0
-0.7845636338575275
1.0
0.7398392389041608
0.7856202097192699
0.531293641704377
-1.0
1.0
0.7323570475469978
1.0
0.48132894170802065
-0.23349056580528882
-1.0
1.0
1.0
1.0
0.9326480293613788
1.0
0.9563779782959716
-1.0
-1.0
1.0
-0.5164788719998137
1.0
-0.3360970278027693
0.8522231474887279
-1.0
-0.16432091783632197
0.5442831713997459
0.09321836454791299
0.8500926606573852
1.0
1.0
-1.0
-1.0
0.5001527011520799
1.0
-0.9468521973739707
1.0
-0.03244226872806444
-0.3560411384795028
1.0
0.48790462096980614
0.6461097857336586
-0.5834163793574068
-1.0
0.9287432964989746
0.9754063417016127
-0.9226965903018371
