-1.0
0.15146506502575852
-0.6005799333850566
0.5356363395113017
0.7580332335680564
1.0
-1.0
-0.8367564481946435
-1.0
1.0
0.6180233723165125
1.0
0.7112704200902031
0.6455526343231224
1.0
1.0
1.0
1.0
-0.40456216372731113
-0.060559721121423604
0.7376525451722751
-0.5391451457697725
-1.0
-0.21175987558155573
0.2964258717149536
1.0
0.23314919046485572
-0.4698219724032382
1.0
0.5451980374069225
1.0
0.9069226038637567
0.9531853670143635
0.961253485293384
1.0
1.0
-1.0
-0.16795410186570625
1.0
-1.0
0.8342745798564487
-0.0021494852050641944
0.7800165799718276
-0.12405625046378832
-0.1319865462978524
0.2887824177164735
-1.0
0.7874335747440555
-1.0
0.11955480446748812
-0.8302098411762028
-0.8908592928436706
0.7219416344316101
0.24773727686430946
1.0
0.9036702581358373
1.0
-0.5085502415429949
-0.5191958081442638
-0.8065079843397777
-0.3159622576289116
-1.0
1.0
0.4172793649872542
0.17012012287854753
-0.47609625528738664
0.33472004774687947
-0.5881749188642267
1.0
0.05052483240522297
-1.0
-0.30400978308752435
0.710124463388189
1.0
1.0
1.0
0.6319147042839616
-0.9552583050360659
1.0
-1.0
0.6499226777839175
-0.5794657465787252
1.0
-0.7893845965259466
1.0
-1.0
-1.0
-1.0
0.09640488079323872
-0.13951825478267044
1.0
-0.47070588212240305
-1.0
1.0
-0.2912459921408864
-1.0
1.0
0.501074602748822
1.0
0.3897756063672777
0.6726779890673019
0.2722059952009058
-1.0
-1.0
-1.0
1.0
-0.8856819483525613
-0.6147269623499003
-1.0
-0.7368599217721592
1.0
-1.0
0.04992544398495387
0.360309027500642
-0.5899037834883333
-1.0
1.0
0.04391907644748891
0.8690985958765323
-0.40438125904120426
-0.793581966154469
1.0
1.0
0.4768365009898491
0.8986913001737556
-1.0
-1.0
1.0
-1.0
-0.7543104296169554
0.9394767939484927
-1.0
1.0
1.0
-1.0
-1.0
-0.34600299063303974
1.0
1.0
-0.16425471124962543
-0.5230959428682544
-0.41801273285660145
0.6380750878100736
-0.19919254847368822
-1.0
-0.698971105096656
-1.0
-1.0
-0.3530260284968807
0.45799136725395795
0.7461597764494794
-0.5536792943233698
-0.4751222799394312
1.0
1.0
-0.42310612633249123
0.8965370373068022
-0.5234743311958807
-0.9874749557927209
0.20438185017587585
0.5567696145298646
-0.1746681061686144
0.4952363852273549
-0.7421510584643551
-1.0
1.0
-0.7179699207912846
-0.9277018482461021
0.6680172343783706
-0.10106700002035651
0.09816085894493431
-1.0
-1.0
-1.0
-0.8391722221427245
-0.3442459812256541
-0.9618905282215442
-1.0
1.0
-0.8977700769997333
1.0
-1.0
0.9634816506629059
-0.38179060110539403
-1.0
-0.06711012504164016
-0.5211721273080461
-0.12561314423786207
0.605023960012643
-1.0
1.0
1.0
-1.0
1.0
-1.0
0.269311573686001
-0.6791694562512236
1.0
1.0
-0.46144399577989703
0.04889843955680445
-1.0
-0.8627657452037418
0.2926205911225051
-1.0
-1.0
0.9888817773854021
0.293463835098456
-0.22451039770618522
1.0
-0.0414744588467674
1.0
1.0
1.0
-0.11236824296231718
-0.299640505648913
0.019519667743533142
1.0
0.6602905398677228
0.7163411266563611
-0.7232056492018604
0.7342687695790875
0.14617792310785452
0.8198183715093765
-1.0
1.0
-0.4843753770951707
1.0
1.0
-0.6190374258671445
-0.7083525415777582
-0.7231552156625677
-0.36037994197853507
0.43472342991378077
0.721610223734942
1.0
0.4489011791063639
0.7171096035952262
0.5469389504357808
0.7388367830305116
-0.06956836422924134
0.6526632167062791
1.0
-0.10650036002723047
0.23807715173962052
1.0
1.0
1.0
0.23761107257676728
-0.6696434673832158
-1.0
1.0
0.47301504438212105
0.433267693154095
0.3167462767587229
-1.0
0.005251423371284536
-1.0
1.0
-0.34885948072797657
-0.42591798794302915
0.5403669625051868
0.3693793106132801
0.43101628486037946
1.0
