-0.11282467998719262
-0.3473489362928275
-1.0
-0.2832830195204128
0.946134108325252
-0.6256517973445526
-0.9739325475051028
-0.43361626635507244
1.0
0.019506152544184086
-0.0970471522854387
-0.3405954210608929
-0.35104104376659384
0.9711991372235463
0.6168146816674798
-1.0
-0.6976606987691356
0.6032176409563277
0.5832802028810687
1.0
-0.27377415294859375
1.0
-0.6496299153554004
1.0
1.0
1.0
1.0
-0.30609913433477043
-1.0
-1.0
-0.7765480910215837
-0.5488396287823036
0.9277308488162284
-1.0
-1.0
0.7208088018238462
0.634434185535651
-1.0
1.0
-0.5424100228997173
-1.0
-1.0
-0.3990999907530248
0.2899620418054859
1.0
-1.0
0.3006110408581198
0.5277554567998465
1.0
-1.0
-0.0477502854320595
0.5048562814089026
-0.3660393622974072
-1.0
1.0
0.2697160076271571
0.5397627005338614
-1.0
-0.49075536416190846
0.7079611699389599
0.885788984070977
0.12567708838104963
0.839977802408246
0.1460117753595074
0.4745461659899697
0.6325236965177754
-1.0
1.0
0.27872665931184143
-0.17640189423475738
0.4631628473311357
-0.9579391717839463
-1.0
-1.0
-0.6298139293494074
-0.9781088635598062
0.9544057590783247
0.09631871903197423
-1.0
0.2266977297402094
0.366504230120567
-0.4522174497907174
-0.28702169600305005
-0.29242116997676887
1.0
-0.14137457578768076
-0.21981482739536817
0.8291055699496828
1.0
0.8372441338320256
1.0
-1.0
-1.0
1.0
1.0
-0.3936318019984798
1.0
0.5488381028248009
-0.6129441132198712
0.6671286615707863
-1.0
0.5381385947747053
0.851538282580482
0.5682384712960442
0.975582936853089
0.9342414147719773
-0.5279782050403039
-0.737834494149779
1.0
0.5763323377727472
1.0
-0.547987325071148
-1.0
0.8121765923680695
-1.0
1.0
-0.7602921591795312
1.0
-1.0
-1.0
-0.10769937730033807
1.0
-1.0
1.0
1.0
1.0
1.0
-1.0
1.0
-0.1942878538325794
0.035898491171846514
-0.9695447434118173
-1.0
-1.0
-0.47193272660857016
1.0
-1.0
-1.0
-0.3951481554123327
0.35421501048491333
-1.0
0.35714114348638604
-0.56616277194135
0.5256469299557874
1.0
1.0
1.0
-1.0
0.1526090802533222
-1.0
-0.24675024906845455
-1.0
0.6181484964775597
0.09882414137941653
-1.0
-0.608774660570051
-0.39029882006386685
-0.1771152100337792
-1.0
0.2772735921231842
1.0
0.15710818486444816
0.39436671857355565
1.0
0.4744386156094179
-1.0
-1.0
0.7360240219090275
0.7669797819916994
-1.0
-1.0
1.0
-1.0
0.7002243578422649
0.24740972777214898
-1.0
1.0
1.0
1.0
0.9181981813767268
1.0
1.0
1.0
1.0
-0.852373821508042
0.671370900974867
1.0
0.7140993802184452
-1.0
1.0
0.9091815810180074
1.0
1.0
-1.0
1.0
0.0003120995892532952
-0.04166186350977977
1.0
-0.26524577960717477
0.6305285254317181
0.6413560821779194
-0.782645774339019
-0.6283585479084484
-1.0
-1.0
1.0
0.7968411346800737
0.22926013148948807
-1.0
1.0
0.9334790477660251
0.7190542985406206
0.8965238096927557
1.0
1.0
-1.0
1.0
1.0
-1.0
0.6164396531146379
-1.0
0.49848011507989054
-0.029801897682928014
1.0
0.5801999323421413
0.2644497375401843
1.0
1.0
1.0
1.0
0.5780166806067328
1.0
1.0
0.3604855830233585
-1.0
0.4586874584753662
-1.0
0.020515070703027827
0.325263704126013
1.0
0.14330408750760912
-0.08059871504281735
-1.0
0.5415819375482063
0.8744833552183012
-1.0
-1.0
1.0
0.8273973507322573
0.9827953597565422
-1.0
-0.12126225237368082
1.0
-0.42254294600915676
1.0
-1.0
1.0
1.0
0.7494995084891838
-1.0
1.0
-1.0
0.5479811089648894
0.7531282566460746
-1.0
