0.40720946924358126
-1.0
-1.0
0.06102296223508652
0.025338241447514235
-1.0
-0.7998158897737924
0.23969851207744472
0.48639835344609794
-0.46539422185249113
-0.2378949256297921
-1.0
1.0
-1.0
-0.09938269797212756
0.9952021503065951
-1.0
-1.0
1.0
0.7004831771007478
-1.0
-0.7231066838639733
-0.6013479864023409
-1.0
1.0
-1.0
1.0
1.0
1.0
0.23671758014916755
-0.00499203867008885
-1.0
1.0
-1.0
-0.4247250025581545
-1.0
1.0
1.0
1.0
-0.7610423077188694
0.3536597420263104
1.0
-1.0
-0.33175804363900385
0.4290381738911865
-1.0
0.28731824064537803
1.0
-1.0
-1.0
0.356750519579518
1.0
0.10957101829305826
-0.3622750818392574
-0.4096665795794914
0.21274809529929067
0.7572795601676368
-0.4516455095921421
0.9500938311729619
-1.0
1.0
1.0
0.22765563301592961
-0.7128953773330451
1.0
-0.16036930880202233
-0.9284264102572596
0.6264931042775681
1.0
-0.6945935914566841
-1.0
1.0
1.0
-0.3796126783736349
-0.36055481058257177
-0.6213380987123986
-1.0
1.0
0.8921567616495345
0.9180898566984036
-0.054888631233959276
-0.7647761975456489
-0.47505005410914625
0.3682016197368819
-1.0
-0.8546673190364985
-0.020293489481328253
0.0933908686543421
-0.5362918079636857
-0.1474467617891121
1.0
1.0
0.5444180539988237
-1.0
-0.22230437375768164
-1.0
1.0
-0.6928201789968619
-1.0
0.9836116653895852
0.879678225225841
-0.2587393629879049
-0.3256658183483295
1.0
1.0
-1.0
-0.3400695745591118
0.4542986575861645
1.0
0.8598963857548931
1.0
0.02350150741577628
0.6005179074246803
0.655779975574132
0.19310193042645385
-1.0
0.3848571360904054
-0.3240907062810513
1.0
0.5138170484864586
0.0020622895050420587
0.4136066489932894
-0.3409172418235594
0.07447062118348624
-0.11427823198647702
-1.0
-0.846337735584533
-0.12433993551530675
1.0
1.0
-0.12711911311134227
-1.0
-0.9984946667603715
1.0
-0.7781887256898389
0.47748213531875083
1.0
-0.08717249283377049
-1.0
-1.0
-1.0
1.0
0.6155187671421684
-1.0
1.0
1.0
0.6114706144958415
-0.8680542110317122
0.3923036201436131
-1.0
-0.18375155371452678
0.16382180341413566
-1.0
-0.8025972099931964
-1.0
0.3211285653637618
0.641725783122497
1.0
-0.8648570995674584
-1.0
-0.08306151825957198
-1.0
-0.7675030255752507
-0.6277971856674607
-0.20858305257496257
0.6440177845486038
-0.6028396222041155
-0.4120600164037522
-0.6698549991580268
0.4858602154085424
-0.9879535138253326
0.02352019992897847
1.0
-0.2396387897049599
-0.496816241808546
-0.8633188767750335
-0.29310406691296453
0.12859893541143058
1.0
-0.6696362078388651
-1.0
-0.9144625803677805
-0.8039049687708789
0.8271412371599026
-0.14180471178152843
-1.0
0.4850501026184929
-0.17378565556840053
1.0
-1.0
-0.1960697533505007
1.0
1.0
0.3704405424664067
-0.29227930717884315
1.0
0.7720145055586259
-0.4723701189789654
0.23830798362378253
0.7210356745651586
1.0
-1.0
0.6218026061451396
0.24221454816734966
-1.0
1.0
-1.0
-0.3376646678575429
0.6228098075909827
-1.0
-1.0
0.02213677694579902
0.404266466623201
1.0
0.7030467618171728
-0.269762136447331
1.0
0.915309774054673
1.0
0.33615345763529614
1.0
0.8769561641436383
0.6161893461328365
-0.5200215287099993
0.8833431099888722
-0.5960691609582184
0.39583396221465894
0.9057682857998061
0.4583851617384228
-1.0
-0.9463083864247701
-1.0
1.0
1.0
0.97245769235894
-1.0
1.0
1.0
0.3331352280280146
-0.2055853137676179
0.7169678503374234
-0.4163924340322076
0.3646331412145408
1.0
-0.3788640362922901
-1.0
0.2157648435809788
-0.8510545931050656
1.0
1.0
1.0
0.305697291632541
-1.0
0.1974017320430994
1.0
0.9072315943599979
1.0
1.0
-0.6918045909386072
-0.4834630542925029
1.0
0.4204445974744169
1.0
0.9682379293218705
1.0
