-0.7244915978381745
1.0
-0.7627107796563334
-1.0
-0.8345211779343784
-0.7771791940839403
-0.46343551950337475
0.322025285351102
1.0
-0.6389955944006716
-0.8933333510810127
-0.46624305455858595
1.0
0.04010663023391503
-0.6395709179449439
-0.22564105270417445
-1.0
0.25692193184844525
-0.7456508238365389
-1.0
-0.4372527821827574
0.20998981965616192
1.0
1.0
0.6374816996830657
-0.7894660507423016
-0.9722196382091729
-0.48050060232117975
0.8957535296118876
1.0
1.0
0.5181991887096506
-0.2599152397837714
1.0
-0.5273072117339962
1.0
1.0
-0.11744165623173151
-0.9969839450922531
-1.0
-1.0
0.6908227670671233
-1.0
0.595729753911143
1.0
-0.9539997444500776
-0.017769913622871003
-1.0
1.0
1.0
-1.0
1.0
0.5902799608903864
1.0
-1.0
-1.0
0.1480338647999091
0.342124749860584
0.8433090063161963
-0.8574622064705042
0.8811567291758267
-1.0
-0.4035077827447857
-1.0
0.4197154993368478
1.0
-1.0
-1.0
0.6232786960120857
0.8743378982574862
1.0
-1.0
-0.06707366380486457
0.30487832694404915
-1.0
1.0
1.0
-1.0
0.6910879099391691
1.0
1.0
0.6118855876941154
0.9254028827329099
-0.8268802592922594
1.0
0.594910187568554
1.0
0.6142096427290626
1.0
0.8682109017518675
-0.04434900894447735
1.0
0.5939547913223355
1.0
1.0
0.4351990784265116
-1.0
1.0
-1.0
-0.9426852168263585
-0.004182368835727535
-1.0
0.6552201877509438
-0.07334289412449158
0.7005620287230526
-0.16012818434942444
0.41661566112384707
0.08711665492703519
1.0
-1.0
-1.0
-0.30784330035325647
1.0
1.0
1.0
-1.0
-1.0
1.0
-0.7427399545740484
-1.0
1.0
0.6648988302028713
-1.0
0.07550938886689762
1.0
0.2675291519451797
1.0
-0.4902985857892239
-0.44498335357596375
0.7881787766062535
-0.24240909466871033
0.6292628987140454
-0.601874713448534
-0.9161271694845674
-1.0
-0.29767284292253315
-0.8204791683394137
-0.6103639455706484
1.0
1.0
0.24331814486514158
-0.8328928663970809
1.0
0.6892545483055768
1.0
-0.4161352141750232
0.5586918368621383
1.0
0.4753372206609725
1.0
-1.0
0.30908149116737854
0.42323556233688076
0.16963133713182196
1.0
1.0
-1.0
0.9222070939978652
-0.8125127730805441
1.0
-0.7737970271520941
-1.0
1.0
0.9853319758577789
0.3129693423004041
0.11453332164240071
-0.7724863776872469
0.5916219140928012
1.0
0.6141386521025188
0.16457512181735678
0.2631994575230603
-1.0
-1.0
0.2570292255718404
-1.0
-0.5983288731265166
-0.6135738409066678
0.6521229699502586
1.0
-0.12595520016949735
0.17505206137374596
0.37434612424508407
0.5082501863150555
-1.0
-0.4951092676346067
1.0
-0.7326453475493097
1.0
-0.2847497143421534
0.22756724426365138
1.0
0.8472040199741984
0.2631465188611608
-0.7025810690066414
1.0
-0.6886583099128535
0.9097961906835144
-1.0
-1.0
-1.0
-0.6199755846981503
1.0
1.0
1.0
0.7459628449531789
-0.5991903780990868
1.0
0.36294846906745326
1.0
1.0
1.0
0.3257072246080891
1.0
1.0
1.0
-1.0
-1.0
-1.0
-1.0
-1.0
0.6130322791311861
1.0
-0.8707103030173167
0.992681630864952
-0.5842084525783353
-0.28443352899170915
0.29391009763983
-0.4901007549996923
1.0
-0.9921248631215837
-0.9647111685360423
1.0
0.5637854580191299
1.0
-1.0
1.0
0.22206993374162431
1.0
0.5478288136736864
0.3466057976741064
0.42007377550700253
0.8274163510573582
0.03407893221898228
-0.9511420204786034
1.0
1.0
1.0
0.8112642818067921
-0.3163336229460836
0.7652285671446886
-1.0
-0.7048934858525506
-0.019584226932186033
-0.6428805019201034
0.6173839165467097
1.0
1.0
1.0
0.2094353576084086
-0.8835320230941854
0.9859200342652232
1.0
1.0
1.0
