1.0
1.0
-1.0
-0.6527540150441344
-1.0
-1.0
1.0
-0.783097770283246
-0.056233086094084506
0.2718490720865953
0.9123129699402084
1.0
-0.43120074732778735
0.38296425546370894
0.24656082427805748
-1.0
-0.790280448736791
1.0
1.0
0.5492110771920978
-1.0
-0.5975887388846384
0.23034135844432674
0.3178062314895084
1.0
1.0
1.0
-0.27700447718244603
-0.006087021040248941
1.0
-1.0
0.6428905062081387
0.8337719382059376
1.0
1.0
1.0
0.17582414219877518
1.0
0.5721614901243102
1.0
-1.0
1.0
-0.3128869746029541
1.0
-1.0
0.7272575345279562
-1.0
-1.0
1.0
0.07159192395624248
-1.0
-0.2503167736206613
-0.6469113233760413
-1.0
0.47266384989746324
1.0
0.050872818904428796
-1.0
-0.9002302052676651
1.0
1.0
-0.6632032918813102
-0.3144727664336866
0.7740882268912979
-1.0
0.1717588945750172
1.0
1.0
1.0
0.08361579601106739
-0.946975481549212
0.7029932193767969
0.0683601475554867
-0.11353158215681136
0.4022170583716288
-1.0
1.0
-1.0
1.0
-1.0
-0.33365293168376997
-0.8157019819901112
1.0
-0.6651382405971067
1.0
-0.49105274181794517
-1.0
1.0
1.0
0.06875786055570088
1.0
-0.05877323111198196
-0.4169704877814891
0.4682285531242687
0.5914735000578673
-1.0
-0.07680840178013215
1.0
0.11724609447460797
0.223310898082847
-0.4393491954575348
0.0114504742677346
-0.4797644098862165
0.12791700059705943
0.8601721114215426
-0.580313280874029
1.0
0.2652959799138388
-0.342584544998892
1.0
1.0
-0.6085184593424526
-1.0
0.9216291054716867
-1.0
1.0
0.6176718764899541
-0.386947894147242
-1.0
1.0
-0.3458778807744768
0.5995998689880901
0.01785669602884765
-1.0
-0.7423855231548011
-1.0
0.35439315200081134
-1.0
1.0
1.0
0.31890917587931444
0.5325390862408369
-1.0
-0.3896218030219454
-1.0
-1.0
-1.0
-0.23871609678799843
-0.5692646087179147
0.9730436296276272
-0.34422235654550554
-1.0
-1.0
0.5526017759928397
1.0
0.9038584442665247
-1.0
-1.0
-1.0
-0.4965437582327379
0.7727454327738369
-1.0
0.33192091464409723
-0.25878823958631414
0.9921724061844971
-0.05228806826658433
1.0
-0.4872318175258468
1.0
1.0
0.9191727503463752
-0.2507079649205377
-0.33646928120954844
0.737931686388525
0.44440417167193763
0.18992705876284988
0.7382820748054715
1.0
-1.0
-1.0
-0.6698222512188352
0.0012612284947300934
1.0
1.0
-0.6647683484446856
0.05517956827195303
-0.3611802238063092
0.5108633100061857
0.8278507722409141
-0.42893966963525765
-0.0939948147145982
-0.11598822027208255
-0.12318827844614089
1.0
-0.6494364101975285
0.10415070141733551
-0.37575199698305606
-1.0
-1.0
1.0
0.533427873620151
-0.18228357075509893
0.2585316017463033
0.10238623092782684
0.15890811648100503
-1.0
0.9840352550983509
0.2947762269654689
1.0
-1.0
-0.7829804558692973
-1.0
0.4643317381854257
0.9992895910026979
0.9084145675333521
0.9929241297976585
1.0
-0.5473017649695732
-0.1477710802822172
-0.9293772729807321
-0.022073394008651426
0.42781116704782735
1.0
1.0
0.9372379973716101
1.0
-1.0
1.0
1.0
-0.25171529712832963
0.229505443263054
1.0
-1.0
0.4982431516331478
1.0
-1.0
1.0
-1.0
-1.0
-0.37989371945687134
1.0
-0.4528423053167159
-0.4703304790333877
0.3518806791540794
1.0
-1.0
-0.2729654160777585
-1.0
1.0
0.6634405757789505
-1.0
0.8861797049287274
-0.4387288759077401
1.0
-0.9638234717593374
0.9997050703143381
0.5223753937034568
1.0
1.0
0.3080964695454572
-1.0
-0.8214939998840711
-0.6980798296680113
1.0
-0.4525488207460624
-1.0
0.46414057456464963
0.9950738452341058
1.0
-0.5070168606466232
-0.6825585982450675
-1.0
-1.0
0.7183293661584662
0.4470707555597391
